0
31
63
95
127
159
191
223
255
287
319
351
383
415
447
479
511
543
575
607
639
671
703
735
767
799
831
863
895
927
959
991
1023
1055
1087
1119
1151
1183
1215
1247
1279
1311
1343
1375
1407
1439
1471
1503
1535
1567
1599
1631
1663
1695
1727
1759
1791
1823
1855
1887
1919
1951
1983
2015
2047
2079
2111
2143
2175
2207
2239
2271
2303
2335
2367
2399
2431
2463
2495
2527
2559
2591
2623
2655
2687
2719
2751
2783
2815
2847
2879
2911
2943
2975
3007
3039
3071
3103
3135
3167
3199
3231
3263
3295
3327
3359
3391
3423
3455
3487
3519
3551
3583
3615
3647
3679
3711
3743
3775
3807
3839
3871
3903
3935
3967
3999
4031
4063
4095
4127
4159
4191
4223
4255
4287
4319
4351
4383
4415
4447
4479
4511
4543
4575
4607
4639
4671
4703
4735
4767
4799
4831
4863
4895
4927
4959
4991
5023
5055
5087
5119
5151
5183
5215
5247
5279
5311
5343
5375
5407
5439
5471
5503
5535
5567
5599
5631
5663
5695
5727
5759
5791
5823
5855
5887
5919
5951
5983
6015
6047
6079
6111
6143
6175
6207
6239
6271
6303
6335
6367
6399
6431
6463
6495
6527
6559
6591
6623
6655
6687
6719
6751
6783
6815
6847
6879
6911
6943
6975
7007
7039
7071
7103
7135
7167
7199
7231
7263
7295
7327
7359
7391
7423
7455
7487
7519
7551
7583
7615
7647
7679
7711
7743
7775
7807
7839
7871
7903
7935
7967
7999
8031
8063
8095
8127
8159
8191
8223
8255
8287
8319
8351
8383
8415
8447
8479
8511
8543
8575
8607
8639
8671
8703
8735
8767
8799
8831
8863
8895
8927
8959
8991
9023
9055
9087
9119
9151
9183
9215
9247
9279
9311
9343
9375
9407
9439
9471
9503
9535
9567
9599
9631
9663
9695
9727
9759
9791
9823
9855
9887
9919
9951
9983
10015
10047
10079
10111
10143
10175
10207
10239
10271
10303
10335
10367
10399
10431
10463
10495
10527
10559
10591
10623
10655
10687
10719
10751
10783
10815
10847
10879
10911
10943
10975
11007
11039
11071
11103
11135
11167
11199
11231
11263
11295
11327
11359
11391
11423
11455
11487
11519
11551
11583
11615
11647
11679
11711
11743
11775
11807
11839
11871
11903
11935
11967
11999
12031
12063
12095
12127
12159
12191
12223
12255
12287
12319
12351
12383
12415
12447
12479
12511
12543
12575
12607
12639
12671
12703
12735
12767
12799
12831
12863
12895
12927
12959
12991
13023
13055
13087
13119
13151
13183
13215
13247
13279
13311
13343
13375
13407
13439
13471
13503
13535
13567
13599
13631
13663
13695
13727
13759
13791
13823
13855
13887
13919
13951
13983
14015
14047
14079
14111
14143
14175
14207
14239
14271
14303
14335
14367
14399
14431
14463
14495
14527
14559
14591
14623
14655
14687
14719
14751
14783
14815
14847
14879
14911
14943
14975
15007
15039
15071
15103
15135
15167
15199
15231
15263
15295
15327
15359
15391
15423
15455
15487
15519
15551
15583
15615
15647
15679
15711
15743
15775
15807
15839
15871
15903
15935
15967
15999
16031
16063
16095
16127
16159
16191
16223
16255
16287
16319
16351
16383
16415
16447
16479
16511
16543
16575
16607
16639
16671
16703
16735
16767
16799
16831
16863
16895
16927
16959
16991
17023
17055
17087
17119
17151
17183
17215
17247
17279
17311
17343
17375
17407
17439
17471
17503
17535
17567
17599
17631
17663
17695
17727
17759
17791
17823
17855
17887
17919
17951
17983
18015
18047
18079
18111
18143
18175
18207
18239
18271
18303
18335
18367
18399
18431
18463
18495
18527
18559
18591
18623
18655
18687
18719
18751
18783
18815
18847
18879
18911
18943
18975
19007
19039
19071
19103
19135
19167
19199
19231
19263
19295
19327
19359
19391
19423
19455
19487
19519
19551
19583
19615
19647
19679
19711
19743
19775
19807
19839
19871
19903
19935
19967
19999
20031
20063
20095
20127
20159
20191
20223
20255
20287
20319
20351
20383
20415
20447
20479
20511
20543
20575
20607
20639
20671
20703
20735
20767
20799
20831
20863
20895
20927
20959
20991
21023
21055
21087
21119
21151
21183
21215
21247
21279
21311
21343
21375
21407
21439
21471
21503
21535
21567
21599
21631
21663
21695
21727
21759
21791
21823
21855
21887
21919
21951
21983
22015
22047
22079
22111
22143
22175
22207
22239
22271
22303
22335
22367
22399
22431
22463
22495
22527
22559
22591
22623
22655
22687
22719
22751
22783
22815
22847
22879
22911
22943
22975
23007
23039
23071
23103
23135
23167
23199
23231
23263
23295
23327
23359
23391
23423
23455
23487
23519
23551
23583
23615
23647
23679
23711
23743
23775
23807
23839
23871
23903
23935
23967
23999
24031
24063
24095
24127
24159
24191
24223
24255
24287
24319
24351
24383
24415
24447
24479
24511
24543
24575
24607
24639
24671
24703
24735
24767
24799
24831
24863
24895
24927
24959
24991
25023
25055
25087
25119
25151
25183
25215
25247
25279
25311
25343
25375
25407
25439
25471
25503
25535
25567
25599
25631
25663
25695
25727
25759
25791
25823
25855
25887
25919
25951
25983
26015
26047
26079
26111
26143
26175
26207
26239
26271
26303
26335
26367
26399
26431
26463
26495
26527
26559
26591
26623
26655
26687
26719
26751
26783
26815
26847
26879
26911
26943
26975
27007
27039
27071
27103
27135
27167
27199
27231
27263
27295
27327
27359
27391
27423
27455
27487
27519
27551
27583
27615
27647
27679
27711
27743
27775
27807
27839
27871
27903
27935
27967
27999
28031
28063
28095
28127
28159
28191
28223
28255
28287
28319
28351
28383
28415
28447
28479
28511
28543
28575
28607
28639
28671
28703
28735
28767
28799
28831
28863
28895
28927
28959
28991
29023
29055
29087
29119
29151
29183
29215
29247
29279
29311
29343
29375
29407
29439
29471
29503
29535
29567
29599
29631
29663
29695
29727
29759
29791
29823
29855
29887
29919
29951
29983
30015
30047
30079
30111
30143
30175
30207
30239
30271
30303
30335
30367
30399
30431
30463
30495
30527
30559
30591
30623
30655
30687
30719
30751
30783
30815
30847
30879
30911
30943
30975
31007
31039
31071
31103
31135
31167
31199
31231
31263
31295
31327
31359
31391
31423
31455
31487
31519
31551
31583
31615
31647
31679
31711
31743
31775
31807
31839
31871
31903
31935
31967
31999
32031
32063
32095
32127
32159
32191
32223
32255
32287
32319
32351
32383
32415
32447
32479
32511
32543
32575
32607
32639
32671
32703
32735
32767
32736
32704
32672
32640
32608
32576
32544
32512
32480
32448
32416
32384
32352
32320
32288
32256
32224
32192
32160
32128
32096
32064
32032
32000
31968
31936
31904
31872
31840
31808
31776
31744
31712
31680
31648
31616
31584
31552
31520
31488
31456
31424
31392
31360
31328
31296
31264
31232
31200
31168
31136
31104
31072
31040
31008
30976
30944
30912
30880
30848
30816
30784
30752
30720
30688
30656
30624
30592
30560
30528
30496
30464
30432
30400
30368
30336
30304
30272
30240
30208
30176
30144
30112
30080
30048
30016
29984
29952
29920
29888
29856
29824
29792
29760
29728
29696
29664
29632
29600
29568
29536
29504
29472
29440
29408
29376
29344
29312
29280
29248
29216
29184
29152
29120
29088
29056
29024
28992
28960
28928
28896
28864
28832
28800
28768
28736
28704
28672
28640
28608
28576
28544
28512
28480
28448
28416
28384
28352
28320
28288
28256
28224
28192
28160
28128
28096
28064
28032
28000
27968
27936
27904
27872
27840
27808
27776
27744
27712
27680
27648
27616
27584
27552
27520
27488
27456
27424
27392
27360
27328
27296
27264
27232
27200
27168
27136
27104
27072
27040
27008
26976
26944
26912
26880
26848
26816
26784
26752
26720
26688
26656
26624
26592
26560
26528
26496
26464
26432
26400
26368
26336
26304
26272
26240
26208
26176
26144
26112
26080
26048
26016
25984
25952
25920
25888
25856
25824
25792
25760
25728
25696
25664
25632
25600
25568
25536
25504
25472
25440
25408
25376
25344
25312
25280
25248
25216
25184
25152
25120
25088
25056
25024
24992
24960
24928
24896
24864
24832
24800
24768
24736
24704
24672
24640
24608
24576
24544
24512
24480
24448
24416
24384
24352
24320
24288
24256
24224
24192
24160
24128
24096
24064
24032
24000
23968
23936
23904
23872
23840
23808
23776
23744
23712
23680
23648
23616
23584
23552
23520
23488
23456
23424
23392
23360
23328
23296
23264
23232
23200
23168
23136
23104
23072
23040
23008
22976
22944
22912
22880
22848
22816
22784
22752
22720
22688
22656
22624
22592
22560
22528
22496
22464
22432
22400
22368
22336
22304
22272
22240
22208
22176
22144
22112
22080
22048
22016
21984
21952
21920
21888
21856
21824
21792
21760
21728
21696
21664
21632
21600
21568
21536
21504
21472
21440
21408
21376
21344
21312
21280
21248
21216
21184
21152
21120
21088
21056
21024
20992
20960
20928
20896
20864
20832
20800
20768
20736
20704
20672
20640
20608
20576
20544
20512
20480
20448
20416
20384
20352
20320
20288
20256
20224
20192
20160
20128
20096
20064
20032
20000
19968
19936
19904
19872
19840
19808
19776
19744
19712
19680
19648
19616
19584
19552
19520
19488
19456
19424
19392
19360
19328
19296
19264
19232
19200
19168
19136
19104
19072
19040
19008
18976
18944
18912
18880
18848
18816
18784
18752
18720
18688
18656
18624
18592
18560
18528
18496
18464
18432
18400
18368
18336
18304
18272
18240
18208
18176
18144
18112
18080
18048
18016
17984
17952
17920
17888
17856
17824
17792
17760
17728
17696
17664
17632
17600
17568
17536
17504
17472
17440
17408
17376
17344
17312
17280
17248
17216
17184
17152
17120
17088
17056
17024
16992
16960
16928
16896
16864
16832
16800
16768
16736
16704
16672
16640
16608
16576
16544
16512
16480
16448
16416
16384
16352
16320
16288
16256
16224
16192
16160
16128
16096
16064
16032
16000
15968
15936
15904
15872
15840
15808
15776
15744
15712
15680
15648
15616
15584
15552
15520
15488
15456
15424
15392
15360
15328
15296
15264
15232
15200
15168
15136
15104
15072
15040
15008
14976
14944
14912
14880
14848
14816
14784
14752
14720
14688
14656
14624
14592
14560
14528
14496
14464
14432
14400
14368
14336
14304
14272
14240
14208
14176
14144
14112
14080
14048
14016
13984
13952
13920
13888
13856
13824
13792
13760
13728
13696
13664
13632
13600
13568
13536
13504
13472
13440
13408
13376
13344
13312
13280
13248
13216
13184
13152
13120
13088
13056
13024
12992
12960
12928
12896
12864
12832
12800
12768
12736
12704
12672
12640
12608
12576
12544
12512
12480
12448
12416
12384
12352
12320
12288
12256
12224
12192
12160
12128
12096
12064
12032
12000
11968
11936
11904
11872
11840
11808
11776
11744
11712
11680
11648
11616
11584
11552
11520
11488
11456
11424
11392
11360
11328
11296
11264
11232
11200
11168
11136
11104
11072
11040
11008
10976
10944
10912
10880
10848
10816
10784
10752
10720
10688
10656
10624
10592
10560
10528
10496
10464
10432
10400
10368
10336
10304
10272
10240
10208
10176
10144
10112
10080
10048
10016
9984
9952
9920
9888
9856
9824
9792
9760
9728
9696
9664
9632
9600
9568
9536
9504
9472
9440
9408
9376
9344
9312
9280
9248
9216
9184
9152
9120
9088
9056
9024
8992
8960
8928
8896
8864
8832
8800
8768
8736
8704
8672
8640
8608
8576
8544
8512
8480
8448
8416
8384
8352
8320
8288
8256
8224
8192
8160
8128
8096
8064
8032
8000
7968
7936
7904
7872
7840
7808
7776
7744
7712
7680
7648
7616
7584
7552
7520
7488
7456
7424
7392
7360
7328
7296
7264
7232
7200
7168
7136
7104
7072
7040
7008
6976
6944
6912
6880
6848
6816
6784
6752
6720
6688
6656
6624
6592
6560
6528
6496
6464
6432
6400
6368
6336
6304
6272
6240
6208
6176
6144
6112
6080
6048
6016
5984
5952
5920
5888
5856
5824
5792
5760
5728
5696
5664
5632
5600
5568
5536
5504
5472
5440
5408
5376
5344
5312
5280
5248
5216
5184
5152
5120
5088
5056
5024
4992
4960
4928
4896
4864
4832
4800
4768
4736
4704
4672
4640
4608
4576
4544
4512
4480
4448
4416
4384
4352
4320
4288
4256
4224
4192
4160
4128
4096
4064
4032
4000
3968
3936
3904
3872
3840
3808
3776
3744
3712
3680
3648
3616
3584
3552
3520
3488
3456
3424
3392
3360
3328
3296
3264
3232
3200
3168
3136
3104
3072
3040
3008
2976
2944
2912
2880
2848
2816
2784
2752
2720
2688
2656
2624
2592
2560
2528
2496
2464
2432
2400
2368
2336
2304
2272
2240
2208
2176
2144
2112
2080
2048
2016
1984
1952
1920
1888
1856
1824
1792
1760
1728
1696
1664
1632
1600
1568
1536
1504
1472
1440
1408
1376
1344
1312
1280
1248
1216
1184
1152
1120
1088
1056
1024
992
960
928
896
864
832
800
768
736
704
672
640
608
576
544
512
480
448
416
384
352
320
288
256
224
192
160
128
96
64
32
0
-31
-63
-95
-127
-159
-191
-223
-255
-287
-319
-351
-383
-415
-447
-479
-511
-543
-575
-607
-639
-671
-703
-735
-767
-799
-831
-863
-895
-927
-959
-991
-1023
-1055
-1087
-1119
-1151
-1183
-1215
-1247
-1279
-1311
-1343
-1375
-1407
-1439
-1471
-1503
-1535
-1567
-1599
-1631
-1663
-1695
-1727
-1759
-1791
-1823
-1855
-1887
-1919
-1951
-1983
-2015
-2047
-2079
-2111
-2143
-2175
-2207
-2239
-2271
-2303
-2335
-2367
-2399
-2431
-2463
-2495
-2527
-2559
-2591
-2623
-2655
-2687
-2719
-2751
-2783
-2815
-2847
-2879
-2911
-2943
-2975
-3007
-3039
-3071
-3103
-3135
-3167
-3199
-3231
-3263
-3295
-3327
-3359
-3391
-3423
-3455
-3487
-3519
-3551
-3583
-3615
-3647
-3679
-3711
-3743
-3775
-3807
-3839
-3871
-3903
-3935
-3967
-3999
-4031
-4063
-4095
-4127
-4159
-4191
-4223
-4255
-4287
-4319
-4351
-4383
-4415
-4447
-4479
-4511
-4543
-4575
-4607
-4639
-4671
-4703
-4735
-4767
-4799
-4831
-4863
-4895
-4927
-4959
-4991
-5023
-5055
-5087
-5119
-5151
-5183
-5215
-5247
-5279
-5311
-5343
-5375
-5407
-5439
-5471
-5503
-5535
-5567
-5599
-5631
-5663
-5695
-5727
-5759
-5791
-5823
-5855
-5887
-5919
-5951
-5983
-6015
-6047
-6079
-6111
-6143
-6175
-6207
-6239
-6271
-6303
-6335
-6367
-6399
-6431
-6463
-6495
-6527
-6559
-6591
-6623
-6655
-6687
-6719
-6751
-6783
-6815
-6847
-6879
-6911
-6943
-6975
-7007
-7039
-7071
-7103
-7135
-7167
-7199
-7231
-7263
-7295
-7327
-7359
-7391
-7423
-7455
-7487
-7519
-7551
-7583
-7615
-7647
-7679
-7711
-7743
-7775
-7807
-7839
-7871
-7903
-7935
-7967
-7999
-8031
-8063
-8095
-8127
-8159
-8191
-8223
-8255
-8287
-8319
-8351
-8383
-8415
-8447
-8479
-8511
-8543
-8575
-8607
-8639
-8671
-8703
-8735
-8767
-8799
-8831
-8863
-8895
-8927
-8959
-8991
-9023
-9055
-9087
-9119
-9151
-9183
-9215
-9247
-9279
-9311
-9343
-9375
-9407
-9439
-9471
-9503
-9535
-9567
-9599
-9631
-9663
-9695
-9727
-9759
-9791
-9823
-9855
-9887
-9919
-9951
-9983
-10015
-10047
-10079
-10111
-10143
-10175
-10207
-10239
-10271
-10303
-10335
-10367
-10399
-10431
-10463
-10495
-10527
-10559
-10591
-10623
-10655
-10687
-10719
-10751
-10783
-10815
-10847
-10879
-10911
-10943
-10975
-11007
-11039
-11071
-11103
-11135
-11167
-11199
-11231
-11263
-11295
-11327
-11359
-11391
-11423
-11455
-11487
-11519
-11551
-11583
-11615
-11647
-11679
-11711
-11743
-11775
-11807
-11839
-11871
-11903
-11935
-11967
-11999
-12031
-12063
-12095
-12127
-12159
-12191
-12223
-12255
-12287
-12319
-12351
-12383
-12415
-12447
-12479
-12511
-12543
-12575
-12607
-12639
-12671
-12703
-12735
-12767
-12799
-12831
-12863
-12895
-12927
-12959
-12991
-13023
-13055
-13087
-13119
-13151
-13183
-13215
-13247
-13279
-13311
-13343
-13375
-13407
-13439
-13471
-13503
-13535
-13567
-13599
-13631
-13663
-13695
-13727
-13759
-13791
-13823
-13855
-13887
-13919
-13951
-13983
-14015
-14047
-14079
-14111
-14143
-14175
-14207
-14239
-14271
-14303
-14335
-14367
-14399
-14431
-14463
-14495
-14527
-14559
-14591
-14623
-14655
-14687
-14719
-14751
-14783
-14815
-14847
-14879
-14911
-14943
-14975
-15007
-15039
-15071
-15103
-15135
-15167
-15199
-15231
-15263
-15295
-15327
-15359
-15391
-15423
-15455
-15487
-15519
-15551
-15583
-15615
-15647
-15679
-15711
-15743
-15775
-15807
-15839
-15871
-15903
-15935
-15967
-15999
-16031
-16063
-16095
-16127
-16159
-16191
-16223
-16255
-16287
-16319
-16351
-16383
-16415
-16447
-16479
-16511
-16543
-16575
-16607
-16639
-16671
-16703
-16735
-16767
-16799
-16831
-16863
-16895
-16927
-16959
-16991
-17023
-17055
-17087
-17119
-17151
-17183
-17215
-17247
-17279
-17311
-17343
-17375
-17407
-17439
-17471
-17503
-17535
-17567
-17599
-17631
-17663
-17695
-17727
-17759
-17791
-17823
-17855
-17887
-17919
-17951
-17983
-18015
-18047
-18079
-18111
-18143
-18175
-18207
-18239
-18271
-18303
-18335
-18367
-18399
-18431
-18463
-18495
-18527
-18559
-18591
-18623
-18655
-18687
-18719
-18751
-18783
-18815
-18847
-18879
-18911
-18943
-18975
-19007
-19039
-19071
-19103
-19135
-19167
-19199
-19231
-19263
-19295
-19327
-19359
-19391
-19423
-19455
-19487
-19519
-19551
-19583
-19615
-19647
-19679
-19711
-19743
-19775
-19807
-19839
-19871
-19903
-19935
-19967
-19999
-20031
-20063
-20095
-20127
-20159
-20191
-20223
-20255
-20287
-20319
-20351
-20383
-20415
-20447
-20479
-20511
-20543
-20575
-20607
-20639
-20671
-20703
-20735
-20767
-20799
-20831
-20863
-20895
-20927
-20959
-20991
-21023
-21055
-21087
-21119
-21151
-21183
-21215
-21247
-21279
-21311
-21343
-21375
-21407
-21439
-21471
-21503
-21535
-21567
-21599
-21631
-21663
-21695
-21727
-21759
-21791
-21823
-21855
-21887
-21919
-21951
-21983
-22015
-22047
-22079
-22111
-22143
-22175
-22207
-22239
-22271
-22303
-22335
-22367
-22399
-22431
-22463
-22495
-22527
-22559
-22591
-22623
-22655
-22687
-22719
-22751
-22783
-22815
-22847
-22879
-22911
-22943
-22975
-23007
-23039
-23071
-23103
-23135
-23167
-23199
-23231
-23263
-23295
-23327
-23359
-23391
-23423
-23455
-23487
-23519
-23551
-23583
-23615
-23647
-23679
-23711
-23743
-23775
-23807
-23839
-23871
-23903
-23935
-23967
-23999
-24031
-24063
-24095
-24127
-24159
-24191
-24223
-24255
-24287
-24319
-24351
-24383
-24415
-24447
-24479
-24511
-24543
-24575
-24607
-24639
-24671
-24703
-24735
-24767
-24799
-24831
-24863
-24895
-24927
-24959
-24991
-25023
-25055
-25087
-25119
-25151
-25183
-25215
-25247
-25279
-25311
-25343
-25375
-25407
-25439
-25471
-25503
-25535
-25567
-25599
-25631
-25663
-25695
-25727
-25759
-25791
-25823
-25855
-25887
-25919
-25951
-25983
-26015
-26047
-26079
-26111
-26143
-26175
-26207
-26239
-26271
-26303
-26335
-26367
-26399
-26431
-26463
-26495
-26527
-26559
-26591
-26623
-26655
-26687
-26719
-26751
-26783
-26815
-26847
-26879
-26911
-26943
-26975
-27007
-27039
-27071
-27103
-27135
-27167
-27199
-27231
-27263
-27295
-27327
-27359
-27391
-27423
-27455
-27487
-27519
-27551
-27583
-27615
-27647
-27679
-27711
-27743
-27775
-27807
-27839
-27871
-27903
-27935
-27967
-27999
-28031
-28063
-28095
-28127
-28159
-28191
-28223
-28255
-28287
-28319
-28351
-28383
-28415
-28447
-28479
-28511
-28543
-28575
-28607
-28639
-28671
-28703
-28735
-28767
-28799
-28831
-28863
-28895
-28927
-28959
-28991
-29023
-29055
-29087
-29119
-29151
-29183
-29215
-29247
-29279
-29311
-29343
-29375
-29407
-29439
-29471
-29503
-29535
-29567
-29599
-29631
-29663
-29695
-29727
-29759
-29791
-29823
-29855
-29887
-29919
-29951
-29983
-30015
-30047
-30079
-30111
-30143
-30175
-30207
-30239
-30271
-30303
-30335
-30367
-30399
-30431
-30463
-30495
-30527
-30559
-30591
-30623
-30655
-30687
-30719
-30751
-30783
-30815
-30847
-30879
-30911
-30943
-30975
-31007
-31039
-31071
-31103
-31135
-31167
-31199
-31231
-31263
-31295
-31327
-31359
-31391
-31423
-31455
-31487
-31519
-31551
-31583
-31615
-31647
-31679
-31711
-31743
-31775
-31807
-31839
-31871
-31903
-31935
-31967
-31999
-32031
-32063
-32095
-32127
-32159
-32191
-32223
-32255
-32287
-32319
-32351
-32383
-32415
-32447
-32479
-32511
-32543
-32575
-32607
-32639
-32671
-32703
-32735
-32767
-32736
-32704
-32672
-32640
-32608
-32576
-32544
-32512
-32480
-32448
-32416
-32384
-32352
-32320
-32288
-32256
-32224
-32192
-32160
-32128
-32096
-32064
-32032
-32000
-31968
-31936
-31904
-31872
-31840
-31808
-31776
-31744
-31712
-31680
-31648
-31616
-31584
-31552
-31520
-31488
-31456
-31424
-31392
-31360
-31328
-31296
-31264
-31232
-31200
-31168
-31136
-31104
-31072
-31040
-31008
-30976
-30944
-30912
-30880
-30848
-30816
-30784
-30752
-30720
-30688
-30656
-30624
-30592
-30560
-30528
-30496
-30464
-30432
-30400
-30368
-30336
-30304
-30272
-30240
-30208
-30176
-30144
-30112
-30080
-30048
-30016
-29984
-29952
-29920
-29888
-29856
-29824
-29792
-29760
-29728
-29696
-29664
-29632
-29600
-29568
-29536
-29504
-29472
-29440
-29408
-29376
-29344
-29312
-29280
-29248
-29216
-29184
-29152
-29120
-29088
-29056
-29024
-28992
-28960
-28928
-28896
-28864
-28832
-28800
-28768
-28736
-28704
-28672
-28640
-28608
-28576
-28544
-28512
-28480
-28448
-28416
-28384
-28352
-28320
-28288
-28256
-28224
-28192
-28160
-28128
-28096
-28064
-28032
-28000
-27968
-27936
-27904
-27872
-27840
-27808
-27776
-27744
-27712
-27680
-27648
-27616
-27584
-27552
-27520
-27488
-27456
-27424
-27392
-27360
-27328
-27296
-27264
-27232
-27200
-27168
-27136
-27104
-27072
-27040
-27008
-26976
-26944
-26912
-26880
-26848
-26816
-26784
-26752
-26720
-26688
-26656
-26624
-26592
-26560
-26528
-26496
-26464
-26432
-26400
-26368
-26336
-26304
-26272
-26240
-26208
-26176
-26144
-26112
-26080
-26048
-26016
-25984
-25952
-25920
-25888
-25856
-25824
-25792
-25760
-25728
-25696
-25664
-25632
-25600
-25568
-25536
-25504
-25472
-25440
-25408
-25376
-25344
-25312
-25280
-25248
-25216
-25184
-25152
-25120
-25088
-25056
-25024
-24992
-24960
-24928
-24896
-24864
-24832
-24800
-24768
-24736
-24704
-24672
-24640
-24608
-24576
-24544
-24512
-24480
-24448
-24416
-24384
-24352
-24320
-24288
-24256
-24224
-24192
-24160
-24128
-24096
-24064
-24032
-24000
-23968
-23936
-23904
-23872
-23840
-23808
-23776
-23744
-23712
-23680
-23648
-23616
-23584
-23552
-23520
-23488
-23456
-23424
-23392
-23360
-23328
-23296
-23264
-23232
-23200
-23168
-23136
-23104
-23072
-23040
-23008
-22976
-22944
-22912
-22880
-22848
-22816
-22784
-22752
-22720
-22688
-22656
-22624
-22592
-22560
-22528
-22496
-22464
-22432
-22400
-22368
-22336
-22304
-22272
-22240
-22208
-22176
-22144
-22112
-22080
-22048
-22016
-21984
-21952
-21920
-21888
-21856
-21824
-21792
-21760
-21728
-21696
-21664
-21632
-21600
-21568
-21536
-21504
-21472
-21440
-21408
-21376
-21344
-21312
-21280
-21248
-21216
-21184
-21152
-21120
-21088
-21056
-21024
-20992
-20960
-20928
-20896
-20864
-20832
-20800
-20768
-20736
-20704
-20672
-20640
-20608
-20576
-20544
-20512
-20480
-20448
-20416
-20384
-20352
-20320
-20288
-20256
-20224
-20192
-20160
-20128
-20096
-20064
-20032
-20000
-19968
-19936
-19904
-19872
-19840
-19808
-19776
-19744
-19712
-19680
-19648
-19616
-19584
-19552
-19520
-19488
-19456
-19424
-19392
-19360
-19328
-19296
-19264
-19232
-19200
-19168
-19136
-19104
-19072
-19040
-19008
-18976
-18944
-18912
-18880
-18848
-18816
-18784
-18752
-18720
-18688
-18656
-18624
-18592
-18560
-18528
-18496
-18464
-18432
-18400
-18368
-18336
-18304
-18272
-18240
-18208
-18176
-18144
-18112
-18080
-18048
-18016
-17984
-17952
-17920
-17888
-17856
-17824
-17792
-17760
-17728
-17696
-17664
-17632
-17600
-17568
-17536
-17504
-17472
-17440
-17408
-17376
-17344
-17312
-17280
-17248
-17216
-17184
-17152
-17120
-17088
-17056
-17024
-16992
-16960
-16928
-16896
-16864
-16832
-16800
-16768
-16736
-16704
-16672
-16640
-16608
-16576
-16544
-16512
-16480
-16448
-16416
-16384
-16352
-16320
-16288
-16256
-16224
-16192
-16160
-16128
-16096
-16064
-16032
-16000
-15968
-15936
-15904
-15872
-15840
-15808
-15776
-15744
-15712
-15680
-15648
-15616
-15584
-15552
-15520
-15488
-15456
-15424
-15392
-15360
-15328
-15296
-15264
-15232
-15200
-15168
-15136
-15104
-15072
-15040
-15008
-14976
-14944
-14912
-14880
-14848
-14816
-14784
-14752
-14720
-14688
-14656
-14624
-14592
-14560
-14528
-14496
-14464
-14432
-14400
-14368
-14336
-14304
-14272
-14240
-14208
-14176
-14144
-14112
-14080
-14048
-14016
-13984
-13952
-13920
-13888
-13856
-13824
-13792
-13760
-13728
-13696
-13664
-13632
-13600
-13568
-13536
-13504
-13472
-13440
-13408
-13376
-13344
-13312
-13280
-13248
-13216
-13184
-13152
-13120
-13088
-13056
-13024
-12992
-12960
-12928
-12896
-12864
-12832
-12800
-12768
-12736
-12704
-12672
-12640
-12608
-12576
-12544
-12512
-12480
-12448
-12416
-12384
-12352
-12320
-12288
-12256
-12224
-12192
-12160
-12128
-12096
-12064
-12032
-12000
-11968
-11936
-11904
-11872
-11840
-11808
-11776
-11744
-11712
-11680
-11648
-11616
-11584
-11552
-11520
-11488
-11456
-11424
-11392
-11360
-11328
-11296
-11264
-11232
-11200
-11168
-11136
-11104
-11072
-11040
-11008
-10976
-10944
-10912
-10880
-10848
-10816
-10784
-10752
-10720
-10688
-10656
-10624
-10592
-10560
-10528
-10496
-10464
-10432
-10400
-10368
-10336
-10304
-10272
-10240
-10208
-10176
-10144
-10112
-10080
-10048
-10016
-9984
-9952
-9920
-9888
-9856
-9824
-9792
-9760
-9728
-9696
-9664
-9632
-9600
-9568
-9536
-9504
-9472
-9440
-9408
-9376
-9344
-9312
-9280
-9248
-9216
-9184
-9152
-9120
-9088
-9056
-9024
-8992
-8960
-8928
-8896
-8864
-8832
-8800
-8768
-8736
-8704
-8672
-8640
-8608
-8576
-8544
-8512
-8480
-8448
-8416
-8384
-8352
-8320
-8288
-8256
-8224
-8192
-8160
-8128
-8096
-8064
-8032
-8000
-7968
-7936
-7904
-7872
-7840
-7808
-7776
-7744
-7712
-7680
-7648
-7616
-7584
-7552
-7520
-7488
-7456
-7424
-7392
-7360
-7328
-7296
-7264
-7232
-7200
-7168
-7136
-7104
-7072
-7040
-7008
-6976
-6944
-6912
-6880
-6848
-6816
-6784
-6752
-6720
-6688
-6656
-6624
-6592
-6560
-6528
-6496
-6464
-6432
-6400
-6368
-6336
-6304
-6272
-6240
-6208
-6176
-6144
-6112
-6080
-6048
-6016
-5984
-5952
-5920
-5888
-5856
-5824
-5792
-5760
-5728
-5696
-5664
-5632
-5600
-5568
-5536
-5504
-5472
-5440
-5408
-5376
-5344
-5312
-5280
-5248
-5216
-5184
-5152
-5120
-5088
-5056
-5024
-4992
-4960
-4928
-4896
-4864
-4832
-4800
-4768
-4736
-4704
-4672
-4640
-4608
-4576
-4544
-4512
-4480
-4448
-4416
-4384
-4352
-4320
-4288
-4256
-4224
-4192
-4160
-4128
-4096
-4064
-4032
-4000
-3968
-3936
-3904
-3872
-3840
-3808
-3776
-3744
-3712
-3680
-3648
-3616
-3584
-3552
-3520
-3488
-3456
-3424
-3392
-3360
-3328
-3296
-3264
-3232
-3200
-3168
-3136
-3104
-3072
-3040
-3008
-2976
-2944
-2912
-2880
-2848
-2816
-2784
-2752
-2720
-2688
-2656
-2624
-2592
-2560
-2528
-2496
-2464
-2432
-2400
-2368
-2336
-2304
-2272
-2240
-2208
-2176
-2144
-2112
-2080
-2048
-2016
-1984
-1952
-1920
-1888
-1856
-1824
-1792
-1760
-1728
-1696
-1664
-1632
-1600
-1568
-1536
-1504
-1472
-1440
-1408
-1376
-1344
-1312
-1280
-1248
-1216
-1184
-1152
-1120
-1088
-1056
-1024
-992
-960
-928
-896
-864
-832
-800
-768
-736
-704
-672
-640
-608
-576
-544
-512
-480
-448
-416
-384
-352
-320
-288
-256
-224
-192
-160
-128
-96
-64
-32
