11146
-3460
9276
9778
13488
-9910
-5399
8789
-7281
1768
-740
4222
-4430
439
14818
13637
4446
7120
-11743
3505
-15849
-8424
-11886
9966
-11249
-3245
-12130
-12818
16348
-9231
423
11111
3690
-6683
4507
795
-210
15491
-6798
8891
876
8844
-3269
12829
-7100
-4834
10083
13730
-14097
14723
851
-13563
-10085
5348
12786
-4951
-14280
-15727
-1385
-14316
-8575
15421
13179
11498
-7645
1302
-4089
8527
410
5495
1035
-15096
-2043
14149
14116
7239
-7068
7816
4586
-4782
6155
-10945
-1962
12453
10786
-5559
-8880
12889
-4903
6116
14957
2904
5154
11752
-1980
13892
-3327
10313
6036
13466
-573
-9311
14753
13766
-11545
12486
4622
-2229
3918
-7174
9371
-6309
-1735
-8974
-10238
-7332
1849
-2736
-10825
13329
-13002
-12252
-149
8534
15883
14253
6043
-3827
8184
-4303
-6744
-8772
2768
-8374
-11390
7606
-12272
9616
-11006
8030
-13941
14748
-14662
706
-10609
-8517
9757
7623
5130
15315
4569
8510
-13320
-11963
662
-13820
-14092
-9677
-1264
10474
2402
8374
-14681
-11212
16383
-9688
12777
-12272
16311
-14612
12141
-14013
-16247
13862
3076
-10473
-11038
-3548
13533
10475
-4617
1719
2602
-1553
6140
-13118
1009
8430
-6412
16128
2522
12373
8119
4223
-15222
8119
10919
13938
12230
10847
15709
7988
13217
15845
5468
-89
-11010
10813
12744
-13860
4905
-8255
4242
-8875
6573
-6000
-5610
-8800
-13953
4360
-9054
4952
350
15448
-7207
1510
7184
-12671
-934
3032
14558
-1608
-5362
11392
-2145
-16277
-5080
3226
10919
-8719
5749
-558
-591
-6391
6949
-10401
3991
-15044
-2818
6421
5699
4510
-5009
-10333
3575
4166
7560
-5623
7878
-9757
13792
6053
5017
-7953
1062
-13511
-7847
12365
6098
-13311
-12737
-4534
2512
3054
5457
-6921
9036
-6934
-5582
-10165
15871
-16266
10727
-5521
-10216
-2080
15028
13727
8679
6523
-12414
6087
-3806
8987
14517
13640
11858
-9713
9622
1574
-6642
13268
13422
12254
-60
2496
-11050
-7408
11946
-249
-1190
11433
-131
-6846
-10471
6034
7456
-11826
3378
-248
11079
7348
-10544
-9110
-48
-12410
-11853
-4572
-5740
14151
13384
4000
11036
10424
-128
-5407
-3462
5204
3567
-7899
-11428
-14006
-12849
4823
-4469
-6937
-5524
-13396
-2381
14237
2738
-7685
5201
8577
-411
-11230
12550
4117
580
-9573
1886
-2418
10811
-3460
-8377
-5701
7515
4543
15886
-5300
13026
-11924
-2923
-16206
9282
8990
-6760
-12626
11977
7241
-14772
-1667
15940
6812
-9473
-855
11965
-13306
-13121
-3837
-6495
5148
10128
-12068
-14695
-14633
-1385
9203
6293
-1882
-12480
2937
2576
979
3114
-4524
-6412
12737
-767
-10818
3595
843
3896
3152
-8727
10806
-14086
-13144
13884
-10824
-598
-8994
10707
-6853
-4679
12395
-5103
10318
5214
-15193
-7947
9117
4127
11013
-6286
-9141
-9894
3684
-12787
5721
9248
7191
-9818
-3237
-6040
-2162
-8814
-3743
1076
-11313
1815
-15905
-3925
-3861
-6376
7779
-7849
4903
1714
13748
6094
10150
6482
-6161
4780
-16186
1079
11268
3881
4675
606
-3253
-4516
7171
9892
5826
-11374
-15305
-14300
6085
-10235
3897
6563
2222
-16346
-16196
-6381
-7812
5090
11716
-10447
-5198
5483
12419
5023
-6119
12615
-10280
-11234
113
10778
5755
13243
-10121
-3456
6752
12088
1553
7829
14171
-8744
13977
1685
14201
-183
1722
14388
9818
10293
3096
5151
16229
14281
-5749
12264
2921
4514
8497
9024
9663
-7772
3420
-964
-10912
9682
11962
12222
5387
-2867
3669
3175
4770
1263
-11522
2589
-15303
6583
594
10898
493
-12692
-333
339
-14794
10300
-3779
4510
-1568
-11665
-2848
-8288
-3054
-15811
7129
2415
10254
2709
-1745
-741
16225
-14459
-13950
4612
3187
-9089
-9181
4267
13877
7796
-1217
-2013
11487
14832
14709
13076
8749
-5453
1203
-9203
-735
14739
-1108
12592
15311
-10362
-1374
9182
8730
13263
-7943
8572
15187
-5509
-3198
1991
1784
4003
-10124
-722
-4583
5042
13648
-9479
3491
11974
-12786
-4143
-9862
4801
3037
5785
3156
-14454
1994
2084
-8433
-15763
-5116
-16086
13883
3323
8869
12687
14197
-10712
-1704
-402
9673
4554
15258
-11293
-6786
12523
-4389
13088
8114
-792
-7438
14635
-12375
11982
4036
7165
13910
-10352
-7133
-10905
-9732
4132
-10608
-12232
-8927
14644
-15929
-11113
-12451
-1250
4867
13605
-13078
3742
-14071
-3481
-116
-2077
-6776
-8386
13512
2168
-10134
-15245
-2233
10285
8302
-4705
16316
-15214
771
-9799
5301
6546
-5648
12757
4807
-5194
-14739
8738
9939
6511
5961
13243
-6129
8272
-6621
10137
-10188
2985
-14632
-13059
-11230
-8383
-11921
2920
-14481
12764
14597
-14547
13933
-1014
-7963
2851
-10851
2771
-774
10339
13960
869
2695
7516
-9003
-7727
4377
1250
-15837
14139
-4995
-9642
741
-3244
-6318
5894
4755
-1856
-7568
6657
-5475
-9354
8493
-7925
6015
-15853
11308
11547
3301
-5849
5503
879
11402
-8184
-7987
-13983
471
12772
3650
1016
10529
15038
7757
-5112
-4589
-14944
-15601
-16217
-417
-6786
6824
10490
242
-1065
-13819
-10125
-535
13872
-14961
-13617
-8360
6925
3645
-13340
15124
12040
-10941
-788
8430
9093
-16154
2575
7748
7986
13846
-13224
9425
14628
-13058
-7375
-8541
10149
-13269
8084
-7300
-10704
14342
8547
-13215
15764
11313
-5192
6306
-1424
-2149
5047
-5767
3292
-12124
-13720
-3997
-11895
5238
-12633
12473
2701
-9474
5515
946
-6148
14523
8788
-12383
-15129
489
-3299
-9451
-1551
-11135
-6283
-2170
-16205
4908
-12247
-1246
-13625
9182
9369
6051
13441
12031
-14329
-14837
887
-10579
14019
-12794
-3670
3151
4535
6564
1291
-3059
10564
2545
13812
-9118
9477
-4122
-3870
-13189
10090
-3692
8102
14226
11444
10861
7026
4430
528
4084
78
2582
5630
-15417
8386
3267
-11828
-11666
-9964
9089
11281
7710
-10353
5462
-6127
-12924
12727
-13033
-662
-7525
-9839
-6955
5165
14646
-9111
226
9124
14297
-11726
-6730
1999
4735
12235
-8753
5701
4238
10896
10255
8955
-15451
2962
3852
8642
8992
-7068
-13868
12451
-10723
-10518
-4594
-1866
-3974
4833
-13084
-5710
12105
3525
-12970
10019
8182
-3316
-4364
-3465
-7464
3265
-14147
13157
-2221
12491
5729
-1289
-929
-6801
-9030
-8320
2513
-6515
-12252
8173
-650
-463
-10076
11758
-12012
-6777
-10335
-16290
13132
-6921
10112
4931
6144
-10635
-14917
15063
9012
-12681
11837
-9592
16193
1183
5501
-1119
10765
12855
6943
-3104
-10043
11074
-11314
5689
-5771
-5006
1065
-1401
4599
7113
-1308
1348
-16192
-7579
-10104
6336
-1831
-8638
5016
-9202
-4937
470
-2411
-5127
-14729
-13292
10136
12419
15945
696
-7068
-10480
-4612
-1999
11592
5999
9377
-3725
-11785
-2406
-12995
3289
15324
-12804
12093
-11162
9915
-6121
-3418
-1451
1059
8028
15401
15031
-13482
-15711
-14644
13037
13091
-15082
-2649
-10360
-9179
9122
4023
-13970
-1261
-2982
-1312
3336
10994
2075
-9756
9935
5654
-14046
15156
-813
-3784
-4645
14117
13658
-13000
13136
12307
-10099
13808
14046
-13445
10515
15347
288
-16228
-10215
-6973
4178
-7802
8148
-15187
7268
-4898
12190
-7040
1728
5742
14997
4065
4515
-2199
-16102
16253
-4465
13939
-13130
-7712
9863
-6846
-10287
7526
-3908
-16155
6491
12763
-16000
12659
-10593
4561
-11526
13938
5756
12125
-7343
1563
-11298
10767
-9077
-12683
-1550
11821
1500
-1269
11692
13418
-3713
14945
-10677
-10233
-8284
-4581
13676
4190
-4354
3784
569
-3971
60
6359
-15793
4917
3914
6346
659
12954
-8473
5744
7338
-1166
9444
-10594
-5728
-5438
4518
-10419
-8403
-15578
-11857
-2697
-9428
-3758
9103
-12134
-15952
-11634
8032
1001
778
-8290
-9022
1367
13010
11275
-8668
-2713
7846
-758
-13352
-1197
14458
12475
4590
-7653
-9347
-7274
-1690
-1367
-6468
2835
12318
486
15460
5038
4735
15891
9787
-3615
508
-5817
4477
7869
11933
1104
2761
-13118
14774
-5775
2505
-14962
9410
580
13896
-2382
9310
-11833
6727
-8763
3182
-16125
10456
-883
744
9532
-12228
-10903
9040
13942
1864
-6834
-8258
-10040
-15347
-12708
7447
3797
-9443
5837
14405
9445
7259
7433
-6357
4772
-11332
-13430
9321
11777
-5809
-3879
12036
-11737
11620
-3602
14178
15775
1877
6835
13335
-12641
-16381
-11307
-6299
-15346
-7631
-15235
4834
-692
6985
2857
-7630
-2138
-6093
2395
-13749
-1042
5349
11955
-5648
15923
-8307
-9995
-12197
-13069
2785
-14402
-13677
-11721
8816
16040
-7979
8818
-11649
2105
9855
-2898
3253
-1693
12792
-6144
-15219
-11220
8101
-4929
7558
10734
10411
-3475
6307
-11620
-3936
14383
-5232
249
-15069
13936
2230
-12364
-14168
-5336
-12706
-5763
-12901
-7973
12725
13337
5512
-405
-4739
1921
9834
-3575
7084
1551
7878
-1740
-4096
1906
11167
-14172
6670
-9152
-16172
-14945
7480
-14859
15374
-6672
-10840
-15177
4375
-7163
-4557
7857
1246
-8215
4811
-9624
7762
-16311
8680
1213
-3502
-618
-13618
-12007
14024
-1331
6282
8807
879
-3430
16038
1089
-1991
7135
2613
-3000
-15919
8157
-1794
4838
-15389
10031
-3687
2240
-14567
-15259
8999
9578
-15186
1297
-5591
-2306
-15704
-2826
2069
14702
12225
-8030
7127
-3279
4922
6782
14193
-13453
-2464
424
-70
-2001
-7802
14518
-13546
-6808
8166
-849
11815
9982
274
4431
3176
1470
-10654
13968
15547
-9976
-5241
1233
-11656
-9400
9586
11853
3704
-1874
2252
1514
1055
16171
-14444
-15398
-2213
-5863
15503
624
3710
7286
16157
-857
885
48
-12809
-12321
-14864
-7080
-14736
-15699
-673
-3594
1917
4053
3388
-4879
-476
-9290
9629
-14607
8607
-5698
-14819
10545
-4713
-649
-11701
-5593
16358
8393
-14689
16132
-8847
2578
-202
-5273
6640
1317
4029
8287
2000
-13026
-11690
-12465
7410
8081
-960
-9449
15174
-7714
-7673
7397
2970
-6109
1560
14640
9625
6242
-7335
9600
-1748
-5642
9349
5787
13320
-7235
-15869
3577
10464
4544
-4518
-3917
7901
174
0
-1072
-8127
15423
5861
-9336
-8675
14571
14444
10678
-7921
-378
8935
-14679
-10519
-14783
11304
4115
-4042
4271
-6480
-7105
13419
-5966
12855
7500
14961
-8046
-12800
6479
8511
3583
-10976
-15998
2622
11268
-8951
10331
9456
-10890
4626
-14848
5114
-2821
-13144
10978
-1221
14544
-1289
11119
2431
8613
-12369
-532
-13736
-15898
-9415
-15157
-7561
-5833
7705
-15432
14133
13112
-15048
373
7996
-7616
-5679
1069
-2122
15330
2604
-13391
-3874
5844
13970
11287
4004
-3702
6023
-9947
-11472
10037
5903
-8824
10522
12871
-7599
-13422
-9345
-16277
-12471
-11595
13217
-11136
5161
4831
-2368
15865
-10482
11891
14812
8505
14883
-5444
-2033
12471
-10540
-14412
-7614
11866
-7976
-2703
5520
14311
4854
-340
10798
13639
2620
-14929
13745
6531
-10141
10579
11779
11403
-972
-6973
10886
4928
-11465
9315
-2948
-12964
-12512
11401
15889
-6670
13372
-8108
-11187
-10987
5571
10716
-13059
-5957
-6007
14123
-8701
12995
15576
-11339
3144
-10948
15623
-1460
-15927
-1732
7950
11341
-13187
12868
4273
247
16286
8144
-4734
15793
-14909
-7745
-8699
-9712
-2349
13255
-15379
974
-9085
-5003
-1285
-1403
-8391
-2092
3640
11136
3343
2879
-6707
3798
-15236
-15140
-1243
-12039
14111
-13352
4591
14014
11174
16239
13424
12649
-7889
-11658
-13447
6145
-14786
-12443
-9263
-7488
-1063
5834
7491
6928
-12640
-5251
1681
7085
14011
11357
-5498
15159
12600
9641
-13264
10328
12672
7710
7959
7463
7566
4999
3729
16061
9724
6665
5823
11321
10605
12943
-12549
-6842
2394
11325
-16297
6137
-10309
1766
-3160
-12681
-3259
7723
-13905
-7042
982
-10786
-13097
-2729
13307
11244
-11649
4490
-138
8463
4168
-6797
-1254
-6391
-11858
-7032
-9832
-8025
2508
8945
-13083
2594
-1300
-7009
-12022
11922
-3307
1102
3262
-829
10443
-12138
4767
13729
1515
1691
8590
6249
-10200
-7931
-1670
10351
1654
13458
-12424
6179
-9958
-5872
14537
8933
-13310
-14929
-4855
1772
-5556
-494
-2688
7519
-15775
-15809
-9692
11051
-11564
11458
8397
6334
-3233
604
-3799
2949
9055
10913
-3082
-5673
7988
876
-15877
14413
11387
15043
6963
14460
-16270
-14275
-150
-5442
1614
13544
-14306
2222
14118
-7615
-3109
-13829
-12540
-11096
8887
609
5891
-11295
-12824
-1436
16001
475
9274
7606
-15031
9780
5636
12739
8439
-3783
10816
8553
-1675
-5717
-13273
16322
-8556
-11195
2161
-10821
-2428
15434
-8267
1414
-12045
-15763
-14359
10229
-10674
-10801
-7590
-11056
6058
-14699
12933
7410
11463
2186
3767
3520
14786
-1799
-4310
-3271
8866
-1199
-3332
-16073
3987
15212
-10511
-14824
14263
-2395
2973
-14165
-1774
4997
12447
3933
10579
-11526
9260
254
-9842
5810
-8717
-14762
-8386
11432
5141
-9982
-6750
-15552
3128
-14267
-369
16179
-13956
-12765
15008
-8084
-11205
12887
5903
8151
15106
-12254
-3234
11170
8063
-9038
16027
940
7599
-10198
-9631
15265
-8577
-1634
10314
12947
4766
-12818
13777
-8488
-10702
-2974
-8692
-8275
643
-10068
23
5821
-13563
-10456
-2410
-14841
-6327
10737
12712
-14647
-14683
12356
2676
9299
-14225
9428
8181
-6419
-8590
2112
-9856
12559
5677
-12461
-12312
11358
946
-4621
-13301
-14793
1693
3105
7411
4513
9032
-11382
6055
-13678
15738
2384
-11942
-15328
-1642
7117
10354
514
162
2152
10478
7955
-12118
-15761
4131
9942
-11839
8202
4917
5490
-12802
8000
7080
5274
-5277
-1891
-6596
-12628
3109
15842
-9923
2464
1843
-5481
3518
-16182
-14747
-2510
715
1798
16024
-5189
-6629
-12476
-4567
13886
13849
-23
5705
2383
-10916
9286
-6000
12547
-1822
5105
-5727
7964
8860
13765
7424
15320
-154
-7115
-6544
-13018
-6915
-4908
853
10183
13273
495
-11389
-9738
4402
426
-12235
1867
-15980
9853
-12132
-10513
2756
-1749
-14349
-15449
-13027
-3693
8898
12216
-6312
-60
11154
9917
9207
-11773
13281
-14091
-298
-2247
12475
-3408
14631
-15297
3236
2649
1512
7384
-11865
1915
853
-7614
7785
-12773
7019
9819
-11839
10376
-10257
13443
6209
-186
-3000
980
-6652
-10177
5590
-9753
-7885
-11091
4382
-11793
1883
2629
-10707
-11263
-11103
7189
12504
-6585
-7278
-3025
2182
-15876
585
-7180
10326
5129
-13188
-16314
2188
9405
-116
15571
-5998
9614
-10989
15975
16243
-2491
-11499
4242
2098
6767
-9511
7774
11887
-4231
-1419
8007
5566
7685
-11400
-8634
8192
5567
568
2136
-5686
3763
2205
12885
-3214
-14295
12073
7170
11702
-15299
6762
11562
-1407
11646
-578
-15692
2029
6293
8465
-2466
-14320
-9337
-10842
7628
14731
-5859
15377
6540
16091
-437
-7707
-5978
-13057
10881
-9476
111
12970
-13785
-9101
8289
-12701
14044
3468
2274
9306
-13493
2965
-5047
9184
-4951
8869
11246
2094
14410
2491
442
-7832
1486
-9401
-8124
-15334
-724
2280
-12008
-6226
9188
4485
-9639
11785
11767
15032
15467
9428
2117
1359
2351
5007
-12058
13687
-2191
-626
6173
-7328
-14915
4200
11546
1909
12751
-3350
8892
-11756
-2301
-8215
6907
2072
1941
-287
-9824
8685
-4885
-14440
7334
-5801
11371
-6931
11941
-2661
14460
16266
-5357
-4115
-743
-15567
4939
724
5016
103
-13748
1384
13136
11526
6011
-5549
-13072
-3464
12907
5252
12630
-13300
-2445
-8638
-11357
-11494
1944
-16370
-2042
-2497
-2647
-3965
-2614
8378
8302
13026
9194
-3141
-2632
-2172
13345
2
15594
10098
-4854
5222
-11834
-1543
-14625
-15310
-12674
14388
-12228
1263
-10633
-7202
6152
7694
-7189
-12273
-11186
6546
144
2582
-1458
-7936
-774
-8648
5305
12976
5562
2267
-3404
4773
-4017
8124
-6386
530
-9802
-4629
1603
-6092
-6623
5758
11554
-873
14939
1323
-9562
-8633
5433
-4365
14296
-10805
14601
-3545
-2359
-2556
4189
-13437
-5963
-6631
5213
7015
14526
-15187
-1244
-8244
1726
5337
3510
-13053
15627
13269
9088
10798
-3987
7645
-4261
2834
15395
-15211
14852
13308
-9633
13070
-6620
4390
-5869
13952
7336
4549
-9062
-3833
-4818
-10919
-2637
10321
-2780
15472
-725
-15653
-13964
-1481
13999
11507
-7066
-6371
2769
5055
12846
1781
6227
11315
-1293
12977
8001
8469
984
-14251
6039
-8062
6681
13360
4487
-14520
-13942
-14533
12184
-338
-15444
-4924
390
-13025
9977
-1993
14865
-13471
8019
1251
7967
4481
-13350
-2187
-586
1740
-5593
-8967
-6173
11774
-6835
16249
-12671
16229
13226
8199
-14674
15668
10049
13893
-1054
10988
-7414
15720
14346
-13819
-2656
12828
-10907
-11020
-2303
13443
9844
730
-5128
-7125
-13912
5661
290
-3702
1052
9837
-3836
4763
9683
-6993
-3420
11393
-7708
-9754
8903
7620
-15149
-14894
6957
15580
-12330
-12083
12025
-6854
-6720
-6661
-9795
-13259
10452
1460
-4001
12923
-9261
12672
-7162
8173
6127
5384
-3445
-572
14774
9517
-5562
-9317
16146
-13042
14686
-15386
-11553
5259
-16189
-7500
9560
12218
2028
-13543
-10825
8616
-10419
16010
-6306
1962
12549
815
-1748
-10996
-7394
-12004
10771
5543
3806
9162
-1322
14626
16227
-1559
-14799
14530
-562
-9969
3407
-368
-1086
-3415
-4533
-15441
-575
1024
9558
5388
650
-13131
-9032
-3182
4067
5602
2204
13056
9981
-3408
2216
-2595
-10629
-15489
-4352
-10785
-665
-2767
-12637
15155
3646
7153
-1597
-13823
-12646
10252
-12880
3161
-5106
13061
-7833
11927
16313
-483
-7638
3997
-11263
10949
671
15101
-8842
-13495
-3877
-3088
-12601
8153
2509
3116
-10997
6255
1888
9031
-2974
-16092
11592
762
10543
15094
-12459
-10946
11772
-3910
-15402
11703
11990
-6657
-682
-15657
-12091
16372
15827
-4550
-13507
-4433
8744
-9725
-12663
-5129
9774
-7277
-15256
-4721
-14629
-1848
-4430
13346
15297
-10270
12057
-13545
-4832
7446
-1071
-3851
2766
-5464
5874
-14299
-4738
10166
-14311
-5294
-10767
-11434
6655
14360
-4776
10375
-7152
-11385
-13285
-6026
276
-11531
8509
12229
-14568
7423
-14424
13872
10261
-2873
4935
-7193
9658
-8681
3725
-850
-6598
15370
-7067
-4525
-6307
-1451
422
-16035
-3474
12029
10723
5755
-15739
13821
16113
920
-14093
8238
-3233
-12278
-721
-1274
-14789
-6842
12235
6529
2347
5510
14231
-10311
-11723
-8750
-11324
-2407
3107
-1248
12524
-12853
-900
-7333
15559
-6560
14805
16203
-9122
14535
740
-6832
6390
13889
-2727
-10713
-3768
-1134
-1172
-7916
-10988
-15208
13978
-13140
-9136
-14128
-5507
-4077
-152
13983
11057
-4010
-15253
-6227
5039
-16077
3595
3461
-16256
10856
1613
866
-12359
-8379
-1627
1295
-2709
10988
-16221
12501
-13311
-10826
13675
-15716
-7583
-11843
-13461
3292
462
2769
892
-4864
15142
2022
5292
3797
2328
-7495
-9124
2455
-13022
8872
-13061
-8998
-15890
1694
8680
-2216
-3700
8842
-6098
-628
14399
-8806
38
-9567
-4266
2959
10108
12579
-10654
-5383
-8668
-11895
13022
13007
8285
-1032
-10871
15544
-14960
-7510
8033
-11639
-125
8526
6439
-7827
-10073
-13644
-15368
212
2110
15414
7789
-14234
-10536
-12860
5108
15954
16102
10838
-5811
-8949
15325
-9172
-12325
7227
6177
-6813
6389
7600
2059
-1960
12344
-14448
-9817
2400
-5893
-3507
5139
-4878
13088
-9133
-5848
4494
-6985
-1
8017
14507
-430
7736
8961
10141
15169
7904
-15415
-13539
-1251
7146
-3969
-11245
-1636
14473
3177
-5675
-16358
9742
13108
-5868
-10147
1864
5636
-13443
9114
16172
7434
-14254
-212
-931
-16130
15740
-9578
9214
9498
-10792
735
10466
-7948
15867
1229
4465
-11761
15976
2556
7799
-6081
2581
1158
-9356
13096
7394
8891
2349
10334
1622
2138
1386
3751
-14458
-15928
4004
-15101
-9123
-3164
10780
-3532
13954
4864
4902
13439
-10289
-7015
-14705
-10695
11923
9477
-393
-1878
-5747
6633
-5165
-14736
-858
13567
11981
-15619
-677
-3015
4515
1247
-2561
-7863
2529
4698
5356
-3072
-15217
2927
-14591
6067
-16
-8497
15435
1660
-2810
10975
-5245
13179
-7286
5390
3429
3930
7037
-13812
1114
2635
-13048
-15946
16002
7850
1684
-2941
16371
-12168
-14626
5344
1141
-13461
-8112
2933
8989
8254
10819
8041
-6468
-8374
2633
4669
-11578
11729
-6322
8234
-722
-15669
10805
-15991
3349
14140
-15554
2968
5607
2513
-16356
5595
6728
-14599
-5444
-8513
-11677
2827
10803
13695
-5301
5239
5353
4613
13248
-8396
-7099
-14713
-13049
2960
9904
2610
3674
4325
3002
-9359
2082
3832
9993
-8693
-10037
10020
13285
13074
11803
-8542
-11821
-16257
10668
15365
13822
-11016
4221
2792
9980
1086
10779
-13502
2756
14113
5841
-3722
340
-6867
-15780
-13039
157
2685
7176
-6233
10375
13522
-12596
7277
10213
15590
15118
14775
15717
9404
13757
13156
14771
1596
-434
8368
-13700
-6038
11249
5439
-8308
707
-14666
8416
10223
-14063
11759
-6002
5005
2552
4147
-1002
-308
7934
-10108
-6478
7141
-11372
-8086
6475
14414
-10711
3247
12802
7267
-13570
4787
9950
-3225
-346
-993
4850
-16022
723
-3117
10584
3043
-7740
-11802
-8334
11195
8728
7047
-5497
279
13322
4408
-8962
-14434
12705
13896
16364
-14390
760
12783
9261
3573
1187
2827
-16034
-15542
-14549
5198
-15181
2557
-14302
11785
-10782
-5659
16367
-2733
-10847
8712
-12069
38
-7391
-15130
-11936
29
-13181
-15615
-2457
-13200
-13621
14686
15966
12022
1876
770
-1532
2225
1611
301
-8959
2812
-13524
-6877
-1784
-7923
3846
-1801
5727
9382
-9472
10041
-6962
-480
11293
-2516
15932
14495
-1747
-2908
-15088
1014
-4605
-15505
-3346
13654
1647
11504
-503
-13124
-4577
6921
6072
-1718
-16340
-12096
6742
3889
2486
-3914
-3111
9397
-10256
6309
-7466
-15346
-12590
-7917
15532
2045
5557
-15939
-13324
-15431
-15061
-287
14606
2969
-5166
-2280
6228
6640
-11742
-4082
-11461
-11699
204
11664
8573
-13692
-8633
-10921
12088
-2506
11771
-11761
-1469
15564
-3295
-2320
1225
-14121
-1876
4285
-13170
-554
-12385
-14947
-13968
-1168
-844
8644
-10911
3795
-11821
-5989
8479
4766
-10709
670
7457
-2959
6132
3162
10917
1520
7783
-6935
700
-11895
7127
-14457
-9633
-11132
6211
-6420
4696
10209
-4984
7111
-7342
10553
-627
-1869
-2033
3934
8523
-9937
-7682
14198
7116
16158
-5144
-3135
2936
-10610
14768
-5662
-1163
-914
-1174
-10419
1012
5575
-5168
-9159
15538
15911
-15333
-5830
6639
-6292
-11659
-10370
8221
2689
9947
361
9135
-14118
-1823
-131
-14344
9415
13116
4976
15188
11501
15697
-2358
-5796
-1860
3605
11599
-12668
14820
-13943
-13514
14348
-12893
-2961
4605
-2802
1762
10617
-10964
-11931
4181
5780
13587
6446
-12426
-2927
8485
13372
-6194
-2921
12177
-11076
-3608
-6564
-489
10914
13424
-5273
14629
11862
-2833
-15268
9827
655
-1846
-1951
14236
16299
-7716
-13111
-12014
12848
9052
-14810
2911
13008
-1354
-4986
9997
8833
8475
5791
14140
-11516
15610
-2732
15781
12651
8377
14027
8130
-10839
15142
1574
6199
-3087
16006
4052
-3170
-8093
7324
1198
-11628
-7
2771
7666
-3382
-14967
-13703
-9767
10250
11154
12407
8007
16022
11633
-11108
15420
7902
13652
13064
-350
-13571
11823
-15159
9011
-7647
-15536
-3319
5565
-7246
-12378
-9619
-2490
3997
9534
-11207
-15768
10951
-8528
-9152
4817
-13756
-13129
-3558
-14118
14888
1716
-15081
6407
-1014
14366
-10327
1797
9806
-9103
-5573
-14223
-8256
7490
7725
881
11494
14489
14773
-891
7640
-12817
-276
2208
-4962
6954
-9357
-2335
10208
3467
-70
8713
-11199
1232
-1262
4169
-784
4793
-10416
-7361
12073
393
-5201
-12565
-8499
-13859
4698
-13388
-15753
3089
2103
8270
6654
-14556
-5905
-14691
8781
1120
-643
2607
-11795
15670
-5062
-6610
518
10058
13942
16117
-1531
-12857
-7626
-5841
3919
3555
-2023
11803
6079
-13708
14798
6709
5764
518
-1404
-3964
2345
9074
-2272
-5255
-6188
13468
13735
-1599
12754
-7710
8172
-3109
-14036
5731
-3375
815
9257
5381
11358
-3206
-7446
-7049
-7786
15016
-4373
-9371
5342
-14993
7530
-12444
-2574
-6507
13012
11537
4620
-9558
8622
1971
5224
4993
10644
-2985
-14499
12991
-13637
-1491
-2575
12003
-12492
-7601
-7586
-3555
1733
1010
-4922
13742
8022
-15963
15133
-830
-12024
-3824
9045
-15395
-8670
-2717
-8570
16335
15637
13037
4945
9898
-6331
6829
6506
-3585
-11045
-12452
-7965
-7154
-3670
831
5673
14446
-14541
-15632
11805
9864
-15212
10555
-7349
-10853
-9652
-14687
-9864
-1939
-1021
-2051
-1987
-1767
-5397
-13425
-8253
4654
9786
14636
-15314
15125
-14199
-6896
-8413
-1486
10318
13643
-3423
12160
14394
-8000
5641
15565
-13828
14676
-11671
-7097
16372
-5152
7346
-1032
9179
-11024
13582
-12600
-8067
-11054
8437
-14663
-12800
9506
-15922
-10616
-13773
-7951
4281
12927
-10691
-15525
8704
-12680
-7142
-2037
-13498
-4587
-3744
-8786
4697
-3755
2445
-4338
11594
-4758
1019
8793
-976
9336
14123
-8922
11056
-15060
-15799
11517
-9293
-13189
-12817
11371
16121
-7125
12229
8442
-3423
-11296
-9978
-538
498
2660
7058
-11186
15288
-6879
857
10499
4745
-14506
2909
-12614
11213
649
-5153
5886
1972
-4568
1020
9062
-1374
4586
4050
-1636
13844
-104
-9577
-5962
4982
-3172
9882
-10902
15871
557
-5706
14776
10061
11535
8892
-1576
13412
-4581
2192
8242
12452
13422
-2254
-1958
-7529
15149
-9279
7479
3352
11153
-10540
813
-5334
-3734
11234
16031
9476
4733
-11254
8965
-11092
-577
7358
15352
-5425
-132
-2607
-8396
11669
15968
16229
7738
13007
-2408
-10604
-10905
-3642
-3500
12957
16093
-8730
-13966
523
2318
-1318
-4625
1966
-8224
-16275
7095
-15643
-10984
-9865
8098
-12015
1092
-8417
1760
9079
-13131
1345
8925
10990
-2030
-9866
-15997
3447
2874
-3114
21
2584
4538
2438
-13275
-9526
-15263
-1517
8824
-7104
-1410
-463
-6364
3988
6054
-14649
8356
-9236
-6683
-6265
16226
-3431
11463
8768
-8824
-6950
15285
-8438
12881
1776
4830
-3480
-12022
-7013
15341
-8914
-156
-16305
5951
-7715
-7027
-11842
8204
2992
8529
-2124
4726
502
5022
14426
10620
4866
-5388
5700
-2748
2170
15133
-3845
10115
11631
14314
-1436
-8232
-14091
7932
-9275
-6621
-8607
-9197
15713
60
158
-12513
-8118
-13232
12399
6139
7877
-3481
-5220
5919
-9244
16028
-15852
12838
-3103
2701
11588
9434
-3565
6836
7365
11380
14987
9657
2930
-10671
-13347
10706
-3485
-14017
-5616
13056
-10147
2648
16207
-14131
-7595
7701
-1229
3566
-2762
5909
3212
-2230
2364
-16274
-15912
-2430
9543
-3094
-11977
525
-8097
-13373
-6199
11216
-7661
-3163
5539
5237
-798
16306
1910
5437
2571
1734
7689
11359
-6947
-9923
-1457
6673
12369
-14628
-11940
-1649
-14519
-11469
12303
11407
1819
-16057
-4450
10105
-13047
5733
