32767
32760
32753
32746
32739
32732
32725
32718
32711
32704
32697
32690
32683
32676
32669
32662
32655
32648
32641
32634
32627
32620
32613
32606
32599
32592
32585
32578
32571
32564
32557
32550
32543
32536
32529
32522
32515
32508
32501
32494
32487
32480
32473
32466
32459
32452
32445
32438
32431
32424
32417
32410
32403
32396
32389
32382
32375
32368
32361
32354
32347
32340
32333
32326
32319
32312
32305
32298
32291
32284
32277
32270
32263
32256
32249
32242
32235
32228
32221
32214
32207
32200
32193
32186
32179
32172
32165
32158
32151
32144
32137
32130
32123
32116
32109
32102
32095
32088
32081
32074
32067
32060
32053
32046
32039
32032
32025
32018
32011
32004
31997
31990
31983
31976
31969
31962
31955
31948
31941
31934
31927
31920
31913
31906
31899
31892
31885
31878
31871
31864
31857
31850
31843
31836
31829
31822
31815
31808
31801
31794
31787
31780
31773
31766
31759
31752
31745
31738
31731
31724
31717
31710
31703
31696
31689
31682
31675
31668
31661
31654
31647
31640
31633
31626
31619
31612
31605
31598
31591
31584
31577
31570
31563
31556
31549
31542
31535
31528
31521
31514
31507
31500
31493
31486
31479
31472
31465
31458
31451
31444
31437
31430
31423
31416
31409
31402
31395
31388
31381
31374
31367
31360
31353
31346
31339
31332
31325
31318
31311
31304
31297
31290
31283
31276
31269
31262
31255
31248
31241
31234
31227
31220
31213
31206
31199
31192
31185
31178
31171
31164
31157
31150
31143
31136
31129
31122
31115
31108
31101
31094
31087
31080
31073
31066
31059
31052
31045
31038
31031
31024
31017
31010
31003
30996
30989
30982
30975
30968
30961
30954
30947
30940
30933
30926
30919
30912
30905
30898
30891
30884
30877
30870
30863
30856
30849
30842
30835
30828
30821
30814
30807
30800
30793
30786
30779
30772
30765
30758
30751
30744
30737
30730
30723
30716
30709
30702
30695
30688
30681
30674
30667
30660
30653
30646
30639
30632
30625
30618
30611
30604
30597
30590
30583
30576
30569
30562
30555
30548
30541
30534
30527
30520
30513
30506
30499
30492
30485
30478
30471
30464
30457
30450
30443
30436
30429
30422
30415
30408
30401
30394
30387
30380
30373
30366
30359
30352
30345
30338
30331
30324
30317
30310
30303
30296
30289
30282
30275
30268
30261
30254
30247
30240
30233
30226
30219
30212
30205
30198
30191
30184
30177
30170
30163
30156
30149
30142
30135
30128
30121
30114
30107
30100
30093
30086
30079
30072
30065
30058
30051
30044
30037
30030
30023
30016
30009
30002
29995
29988
29981
29974
29967
29960
29953
29946
29939
29932
29925
29918
29911
29904
29897
29890
29883
29876
29869
29862
29855
29848
29841
29834
29827
29820
29813
29806
29799
29792
29785
29778
29771
29764
29757
29750
29743
29736
29729
29722
29715
29708
29701
29694
29687
29680
29673
29666
29659
29652
29645
29638
29631
29624
29617
29610
29603
29596
29589
29582
29575
29568
29561
29554
29547
29540
29533
29526
29519
29512
29505
29498
29491
29484
29477
29470
29463
29456
29449
29442
29435
29428
29421
29414
29407
29400
29393
29386
29379
29372
29365
29358
29351
29344
29337
29330
29323
29316
29309
29302
29295
29288
29281
29274
29267
29260
29253
29246
29239
29232
29225
29218
29211
29204
29197
29190
29183
29176
29169
29162
29155
29148
29141
29134
29127
29120
29113
29106
29099
29092
29085
29078
29071
29064
29057
29050
29043
29036
29029
29022
29015
29008
29001
28994
28987
28980
28973
28966
28959
28952
28945
28938
28931
28924
28917
28910
28903
28896
28889
28882
28875
28868
28861
28854
28847
28840
28833
28826
28819
28812
28805
28798
28791
28784
28777
28770
28763
28756
28749
28742
28735
28728
28721
28714
28707
28700
28693
28686
28679
28672
28665
28658
28651
28644
28637
28630
28623
28616
28609
28602
28595
28588
28581
28574
28567
28560
28553
28546
28539
28532
28525
28518
28511
28504
28497
28490
28483
28476
28469
28462
28455
28448
28441
28434
28427
28420
28413
28406
28399
28392
28385
28378
28371
28364
28357
28350
28343
28336
28329
28322
28315
28308
28301
28294
28287
28280
28273
28266
28259
28252
28245
28238
28231
28224
28217
28210
28203
28196
28189
28182
28175
28168
28161
28154
28147
28140
28133
28126
28119
28112
28105
28098
28091
28084
28077
28070
28063
28056
28049
28042
28035
28028
28021
28014
28007
28000
27993
27986
27979
27972
27965
27958
27951
27944
27937
27930
27923
27916
27909
27902
27895
27888
27881
27874
27867
27860
27853
27846
27839
27832
27825
27818
27811
27804
27797
27790
27783
27776
27769
27762
27755
27748
27741
27734
27727
27720
27713
27706
27699
27692
27685
27678
27671
27664
27657
27650
27643
27636
27629
27622
27615
27608
27601
27594
27587
27580
27573
27566
27559
27552
27545
27538
27531
27524
27517
27510
27503
27496
27489
27482
27475
27468
27461
27454
27447
27440
27433
27426
27419
27412
27405
27398
27391
27384
27377
27370
27363
27356
27349
27342
27335
27328
27321
27314
27307
27300
27293
27286
27279
27272
27265
27258
27251
27244
27237
27230
27223
27216
27209
27202
27195
27188
27181
27174
27167
27160
27153
27146
27139
27132
27125
27118
27111
27104
27097
27090
27083
27076
27069
27062
27055
27048
27041
27034
27027
27020
27013
27006
26999
26992
26985
26978
26971
26964
26957
26950
26943
26936
26929
26922
26915
26908
26901
26894
26887
26880
26873
26866
26859
26852
26845
26838
26831
26824
26817
26810
26803
26796
26789
26782
26775
26768
26761
26754
26747
26740
26733
26726
26719
26712
26705
26698
26691
26684
26677
26670
26663
26656
26649
26642
26635
26628
26621
26614
26607
26600
26593
26586
26579
26572
26565
26558
26551
26544
26537
26530
26523
26516
26509
26502
26495
26488
26481
26474
26467
26460
26453
26446
26439
26432
26425
26418
26411
26404
26397
26390
26383
26376
26369
26362
26355
26348
26341
26334
26327
26320
26313
26306
26299
26292
26285
26278
26271
26264
26257
26250
26243
26236
26229
26222
26215
26208
26201
26194
26187
26180
26173
26166
26159
26152
26145
26138
26131
26124
26117
26110
26103
26096
26089
26082
26075
26068
26061
26054
26047
26040
26033
26026
26019
26012
26005
25998
25991
25984
25977
25970
25963
25956
25949
25942
25935
25928
25921
25914
25907
25900
25893
25886
25879
25872
25865
25858
25851
25844
25837
25830
25823
25816
25809
25802
25795
25788
25781
25774
25767
25760
25753
25746
25739
25732
25725
25718
25711
25704
25697
25690
25683
25676
25669
25662
25655
25648
25641
25634
25627
25620
25613
25606
25599
25592
25585
25578
25571
25564
25557
25550
25543
25536
25529
25522
25515
25508
25501
25494
25487
25480
25473
25466
25459
25452
25445
25438
25431
25424
25417
25410
25403
25396
25389
25382
25375
25368
25361
25354
25347
25340
25333
25326
25319
25312
25305
25298
25291
25284
25277
25270
25263
25256
25249
25242
25235
25228
25221
25214
25207
25200
25193
25186
25179
25172
25165
25158
25151
25144
25137
25130
25123
25116
25109
25102
25095
25088
25081
25074
25067
25060
25053
25046
25039
25032
25025
25018
25011
25004
24997
24990
24983
24976
24969
24962
24955
24948
24941
24934
24927
24920
24913
24906
24899
24892
24885
24878
24871
24864
24857
24850
24843
24836
24829
24822
24815
24808
24801
24794
24787
24780
24773
24766
24759
24752
24745
24738
24731
24724
24717
24710
24703
24696
24689
24682
24675
24668
24661
24654
24647
24640
24633
24626
24619
24612
24605
24598
24591
24584
24577
24570
24563
24556
24549
24542
24535
24528
24521
24514
24507
24500
24493
24486
24479
24472
24465
24458
24451
24444
24437
24430
24423
24416
24409
24402
24395
24388
24381
24374
24367
24360
24353
24346
24339
24332
24325
24318
24311
24304
24297
24290
24283
24276
24269
24262
24255
24248
24241
24234
24227
24220
24213
24206
24199
24192
24185
24178
24171
24164
24157
24150
24143
24136
24129
24122
24115
24108
24101
24094
24087
24080
24073
24066
24059
24052
24045
24038
24031
24024
24017
24010
24003
23996
23989
23982
23975
23968
23961
23954
23947
23940
23933
23926
23919
23912
23905
23898
23891
23884
23877
23870
23863
23856
23849
23842
23835
23828
23821
23814
23807
23800
23793
23786
23779
23772
23765
23758
23751
23744
23737
23730
23723
23716
23709
23702
23695
23688
23681
23674
23667
23660
23653
23646
23639
23632
23625
23618
23611
23604
23597
23590
23583
23576
23569
23562
23555
23548
23541
23534
23527
23520
23513
23506
23499
23492
23485
23478
23471
23464
23457
23450
23443
23436
23429
23422
23415
23408
23401
23394
23387
23380
23373
23366
23359
23352
23345
23338
23331
23324
23317
23310
23303
23296
23289
23282
23275
23268
23261
23254
23247
23240
23233
23226
23219
23212
23205
23198
23191
23184
23177
23170
23163
23156
23149
23142
23135
23128
23121
23114
23107
23100
23093
23086
23079
23072
23065
23058
23051
23044
23037
23030
23023
23016
23009
23002
22995
22988
22981
22974
22967
22960
22953
22946
22939
22932
22925
22918
22911
22904
22897
22890
22883
22876
22869
22862
22855
22848
22841
22834
22827
22820
22813
22806
22799
22792
22785
22778
22771
22764
22757
22750
22743
22736
22729
22722
22715
22708
22701
22694
22687
22680
22673
22666
22659
22652
22645
22638
22631
22624
22617
22610
22603
22596
22589
22582
22575
22568
22561
22554
22547
22540
22533
22526
22519
22512
22505
22498
22491
22484
22477
22470
22463
22456
22449
22442
22435
22428
22421
22414
22407
22400
22393
22386
22379
22372
22365
22358
22351
22344
22337
22330
22323
22316
22309
22302
22295
22288
22281
22274
22267
22260
22253
22246
22239
22232
22225
22218
22211
22204
22197
22190
22183
22176
22169
22162
22155
22148
22141
22134
22127
22120
22113
22106
22099
22092
22085
22078
22071
22064
22057
22050
22043
22036
22029
22022
22015
22008
22001
21994
21987
21980
21973
21966
21959
21952
21945
21938
21931
21924
21917
21910
21903
21896
21889
21882
21875
21868
21861
21854
21847
21840
21833
21826
21819
21812
21805
21798
21791
21784
21777
21770
21763
21756
21749
21742
21735
21728
21721
21714
21707
21700
21693
21686
21679
21672
21665
21658
21651
21644
21637
21630
21623
21616
21609
21602
21595
21588
21581
21574
21567
21560
21553
21546
21539
21532
21525
21518
21511
21504
21497
21490
21483
21476
21469
21462
21455
21448
21441
21434
21427
21420
21413
21406
21399
21392
21385
21378
21371
21364
21357
21350
21343
21336
21329
21322
21315
21308
21301
21294
21287
21280
21273
21266
21259
21252
21245
21238
21231
21224
21217
21210
21203
21196
21189
21182
21175
21168
21161
21154
21147
21140
21133
21126
21119
21112
21105
21098
21091
21084
21077
21070
21063
21056
21049
21042
21035
21028
21021
21014
21007
21000
20993
20986
20979
20972
20965
20958
20951
20944
20937
20930
20923
20916
20909
20902
20895
20888
20881
20874
20867
20860
20853
20846
20839
20832
20825
20818
20811
20804
20797
20790
20783
20776
20769
20762
20755
20748
20741
20734
20727
20720
20713
20706
20699
20692
20685
20678
20671
20664
20657
20650
20643
20636
20629
20622
20615
20608
20601
20594
20587
20580
20573
20566
20559
20552
20545
20538
20531
20524
20517
20510
20503
20496
20489
20482
20475
20468
20461
20454
20447
20440
20433
20426
20419
20412
20405
20398
20391
20384
20377
20370
20363
20356
20349
20342
20335
20328
20321
20314
20307
20300
20293
20286
20279
20272
20265
20258
20251
20244
20237
20230
20223
20216
20209
20202
20195
20188
20181
20174
20167
20160
20153
20146
20139
20132
20125
20118
20111
20104
20097
20090
20083
20076
20069
20062
20055
20048
20041
20034
20027
20020
20013
20006
19999
19992
19985
19978
19971
19964
19957
19950
19943
19936
19929
19922
19915
19908
19901
19894
19887
19880
19873
19866
19859
19852
19845
19838
19831
19824
19817
19810
19803
19796
19789
19782
19775
19768
19761
19754
19747
19740
19733
19726
19719
19712
19705
19698
19691
19684
19677
19670
19663
19656
19649
19642
19635
19628
19621
19614
19607
19600
19593
19586
19579
19572
19565
19558
19551
19544
19537
19530
19523
19516
19509
19502
19495
19488
19481
19474
19467
19460
19453
19446
19439
19432
19425
19418
19411
19404
19397
19390
19383
19376
19369
19362
19355
19348
19341
19334
19327
19320
19313
19306
19299
19292
19285
19278
19271
19264
19257
19250
19243
19236
19229
19222
19215
19208
19201
19194
19187
19180
19173
19166
19159
19152
19145
19138
19131
19124
19117
19110
19103
19096
19089
19082
19075
19068
19061
19054
19047
19040
19033
19026
19019
19012
19005
18998
18991
18984
18977
18970
18963
18956
18949
18942
18935
18928
18921
18914
18907
18900
18893
18886
18879
18872
18865
18858
18851
18844
18837
18830
18823
18816
18809
18802
18795
18788
18781
18774
18767
18760
18753
18746
18739
18732
18725
18718
18711
18704
18697
18690
18683
18676
18669
18662
18655
18648
18641
18634
18627
18620
18613
18606
18599
18592
18585
18578
18571
18564
18557
18550
18543
18536
18529
18522
18515
18508
18501
18494
18487
18480
18473
18466
18459
18452
18445
18438
18431
18424
18417
18410
18403
18396
18389
18382
18375
18368
18361
18354
18347
18340
18333
18326
18319
18312
18305
18298
18291
18284
18277
18270
18263
18256
18249
18242
18235
18228
18221
18214
18207
18200
18193
18186
18179
18172
18165
18158
18151
18144
18137
18130
18123
18116
18109
18102
18095
18088
18081
18074
18067
18060
18053
18046
18039
18032
18025
18018
18011
18004
17997
17990
17983
17976
17969
17962
17955
17948
17941
17934
17927
17920
17913
17906
17899
17892
17885
17878
17871
17864
17857
17850
17843
17836
17829
17822
17815
17808
17801
17794
17787
17780
17773
17766
17759
17752
17745
17738
17731
17724
17717
17710
17703
17696
17689
17682
17675
17668
17661
17654
17647
17640
17633
17626
17619
17612
17605
17598
17591
17584
17577
17570
17563
17556
17549
17542
17535
17528
17521
17514
17507
17500
17493
17486
17479
17472
17465
17458
17451
17444
17437
17430
17423
17416
17409
17402
17395
17388
17381
17374
17367
17360
17353
17346
17339
17332
17325
17318
17311
17304
17297
17290
17283
17276
17269
17262
17255
17248
17241
17234
17227
17220
17213
17206
17199
17192
17185
17178
17171
17164
17157
17150
17143
17136
17129
17122
17115
17108
17101
17094
17087
17080
17073
17066
17059
17052
17045
17038
17031
17024
17017
17010
17003
16996
16989
16982
16975
16968
16961
16954
16947
16940
16933
16926
16919
16912
16905
16898
16891
16884
16877
16870
16863
16856
16849
16842
16835
16828
16821
16814
16807
16800
16793
16786
16779
16772
16765
16758
16751
16744
16737
16730
16723
16716
16709
16702
16695
16688
16681
16674
16667
16660
16653
16646
16639
16632
16625
16618
16611
16604
16597
16590
16583
16576
16569
16562
16555
16548
16541
16534
16527
16520
16513
16506
16499
16492
16485
16478
16471
16464
16457
16450
16443
16436
16429
16422
16415
16408
16401
16394
16387
16380
16373
16366
16359
16352
16345
16338
16331
16324
16317
16310
16303
16296
16289
16282
16275
16268
16261
16254
16247
16240
16233
16226
16219
16212
16205
16198
16191
16184
16177
16170
16163
16156
16149
16142
16135
16128
16121
16114
16107
16100
16093
16086
16079
16072
16065
16058
16051
16044
16037
16030
16023
16016
16009
16002
15995
15988
15981
15974
15967
15960
15953
15946
15939
15932
15925
15918
15911
15904
15897
15890
15883
15876
15869
15862
15855
15848
15841
15834
15827
15820
15813
15806
15799
15792
15785
15778
15771
15764
15757
15750
15743
15736
15729
15722
15715
15708
15701
15694
15687
15680
15673
15666
15659
15652
15645
15638
15631
15624
15617
15610
15603
15596
15589
15582
15575
15568
15561
15554
15547
15540
15533
15526
15519
15512
15505
15498
15491
15484
15477
15470
15463
15456
15449
15442
15435
15428
15421
15414
15407
15400
15393
15386
15379
15372
15365
15358
15351
15344
15337
15330
15323
15316
15309
15302
15295
15288
15281
15274
15267
15260
15253
15246
15239
15232
15225
15218
15211
15204
15197
15190
15183
15176
15169
15162
15155
15148
15141
15134
15127
15120
15113
15106
15099
15092
15085
15078
15071
15064
15057
15050
15043
15036
15029
15022
15015
15008
15001
14994
14987
14980
14973
14966
14959
14952
14945
14938
14931
14924
14917
14910
14903
14896
14889
14882
14875
14868
14861
14854
14847
14840
14833
14826
14819
14812
14805
14798
14791
14784
14777
14770
14763
14756
14749
14742
14735
14728
14721
14714
14707
14700
14693
14686
14679
14672
14665
14658
14651
14644
14637
14630
14623
14616
14609
14602
14595
14588
14581
14574
14567
14560
14553
14546
14539
14532
14525
14518
14511
14504
14497
14490
14483
14476
14469
14462
14455
14448
14441
14434
14427
14420
14413
14406
14399
14392
14385
14378
14371
14364
14357
14350
14343
14336
14329
14322
14315
14308
14301
14294
14287
14280
14273
14266
14259
14252
14245
14238
14231
14224
14217
14210
14203
14196
14189
14182
14175
14168
14161
14154
14147
14140
14133
14126
14119
14112
14105
14098
14091
14084
14077
14070
14063
14056
14049
14042
14035
14028
14021
14014
14007
14000
13993
13986
13979
13972
13965
13958
13951
13944
13937
13930
13923
13916
13909
13902
13895
13888
13881
13874
13867
13860
13853
13846
13839
13832
13825
13818
13811
13804
13797
13790
13783
13776
13769
13762
13755
13748
13741
13734
13727
13720
13713
13706
13699
13692
13685
13678
13671
13664
13657
13650
13643
13636
13629
13622
13615
13608
13601
13594
13587
13580
13573
13566
13559
13552
13545
13538
13531
13524
13517
13510
13503
13496
13489
13482
13475
13468
13461
13454
13447
13440
13433
13426
13419
13412
13405
13398
13391
13384
13377
13370
13363
13356
13349
13342
13335
13328
13321
13314
13307
13300
13293
13286
13279
13272
13265
13258
13251
13244
13237
13230
13223
13216
13209
13202
13195
13188
13181
13174
13167
13160
13153
13146
13139
13132
13125
13118
13111
13104
13097
13090
13083
13076
13069
13062
13055
13048
13041
13034
13027
13020
13013
13006
12999
12992
12985
12978
12971
12964
12957
12950
12943
12936
12929
12922
12915
12908
12901
12894
12887
12880
12873
12866
12859
12852
12845
12838
12831
12824
12817
12810
12803
12796
12789
12782
12775
12768
12761
12754
12747
12740
12733
12726
12719
12712
12705
12698
12691
12684
12677
12670
12663
12656
12649
12642
12635
12628
12621
12614
12607
12600
12593
12586
12579
12572
12565
12558
12551
12544
12537
12530
12523
12516
12509
12502
12495
12488
12481
12474
12467
12460
12453
12446
12439
12432
12425
12418
12411
12404
12397
12390
12383
12376
12369
12362
12355
12348
12341
12334
12327
12320
12313
12306
12299
12292
12285
12278
12271
12264
12257
12250
12243
12236
12229
12222
12215
12208
12201
12194
12187
12180
12173
12166
12159
12152
12145
12138
12131
12124
12117
12110
12103
12096
12089
12082
12075
12068
12061
12054
12047
12040
12033
12026
12019
12012
12005
11998
11991
11984
11977
11970
11963
11956
11949
11942
11935
11928
11921
11914
11907
11900
11893
11886
11879
11872
11865
11858
11851
11844
11837
11830
11823
11816
11809
11802
11795
11788
11781
11774
11767
11760
11753
11746
11739
11732
11725
11718
11711
11704
11697
11690
11683
11676
11669
11662
11655
11648
11641
11634
11627
11620
11613
11606
11599
11592
11585
11578
11571
11564
11557
11550
11543
11536
11529
11522
11515
11508
11501
11494
11487
11480
11473
11466
11459
11452
11445
11438
11431
11424
11417
11410
11403
11396
11389
11382
11375
11368
11361
11354
11347
11340
11333
11326
11319
11312
11305
11298
11291
11284
11277
11270
11263
11256
11249
11242
11235
11228
11221
11214
11207
11200
11193
11186
11179
11172
11165
11158
11151
11144
11137
11130
11123
11116
11109
11102
11095
11088
11081
11074
11067
11060
11053
11046
11039
11032
11025
11018
11011
11004
10997
10990
10983
10976
10969
10962
10955
10948
10941
10934
10927
10920
10913
10906
10899
10892
10885
10878
10871
10864
10857
10850
10843
10836
10829
10822
10815
10808
10801
10794
10787
10780
10773
10766
10759
10752
10745
10738
10731
10724
10717
10710
10703
10696
10689
10682
10675
10668
10661
10654
10647
10640
10633
10626
10619
10612
10605
10598
10591
10584
10577
10570
10563
10556
10549
10542
10535
10528
10521
10514
10507
10500
10493
10486
10479
10472
10465
10458
10451
10444
10437
10430
10423
10416
10409
10402
10395
10388
10381
10374
10367
10360
10353
10346
10339
10332
10325
10318
10311
10304
10297
10290
10283
10276
10269
10262
10255
10248
10241
10234
10227
10220
10213
10206
10199
10192
10185
10178
10171
10164
10157
10150
10143
10136
10129
10122
10115
10108
10101
10094
10087
10080
10073
10066
10059
10052
10045
10038
10031
10024
10017
10010
10003
9996
9989
9982
9975
9968
9961
9954
9947
9940
9933
9926
9919
9912
9905
9898
9891
9884
9877
9870
9863
9856
9849
9842
9835
9828
9821
9814
9807
9800
9793
9786
9779
9772
9765
9758
9751
9744
9737
9730
9723
9716
9709
9702
9695
9688
9681
9674
9667
9660
9653
9646
9639
9632
9625
9618
9611
9604
9597
9590
9583
9576
9569
9562
9555
9548
9541
9534
9527
9520
9513
9506
9499
9492
9485
9478
9471
9464
9457
9450
9443
9436
9429
9422
9415
9408
9401
9394
9387
9380
9373
9366
9359
9352
9345
9338
9331
9324
9317
9310
9303
9296
9289
9282
9275
9268
9261
9254
9247
9240
9233
9226
9219
9212
9205
9198
9191
9184
9177
9170
9163
9156
9149
9142
9135
9128
9121
9114
9107
9100
9093
9086
9079
9072
9065
9058
9051
9044
9037
9030
9023
9016
9009
9002
8995
8988
8981
8974
8967
8960
8953
8946
8939
8932
8925
8918
8911
8904
8897
8890
8883
8876
8869
8862
8855
8848
8841
8834
8827
8820
8813
8806
8799
8792
8785
8778
8771
8764
8757
8750
8743
8736
8729
8722
8715
8708
8701
8694
8687
8680
8673
8666
8659
8652
8645
8638
8631
8624
8617
8610
8603
8596
8589
8582
8575
8568
8561
8554
8547
8540
8533
8526
8519
8512
8505
8498
8491
8484
8477
8470
8463
8456
8449
8442
8435
8428
8421
8414
8407
8400
8393
8386
8379
8372
8365
8358
8351
8344
8337
8330
8323
8316
8309
8302
8295
8288
8281
8274
8267
8260
8253
8246
8239
8232
8225
8218
8211
8204
8197
8190
8183
8176
8169
8162
8155
8148
8141
8134
8127
8120
8113
8106
8099
8092
8085
8078
8071
8064
8057
8050
8043
8036
8029
8022
8015
8008
8001
7994
7987
7980
7973
7966
7959
7952
7945
7938
7931
7924
7917
7910
7903
7896
7889
7882
7875
7868
7861
7854
7847
7840
7833
7826
7819
7812
7805
7798
7791
7784
7777
7770
7763
7756
7749
7742
7735
7728
7721
7714
7707
7700
7693
7686
7679
7672
7665
7658
7651
7644
7637
7630
7623
7616
7609
7602
7595
7588
7581
7574
7567
7560
7553
7546
7539
7532
7525
7518
7511
7504
7497
7490
7483
7476
7469
7462
7455
7448
7441
7434
7427
7420
7413
7406
7399
7392
7385
7378
7371
7364
7357
7350
7343
7336
7329
7322
7315
7308
7301
7294
7287
7280
7273
7266
7259
7252
7245
7238
7231
7224
7217
7210
7203
7196
7189
7182
7175
7168
7161
7154
7147
7140
7133
7126
7119
7112
7105
7098
7091
7084
7077
7070
7063
7056
7049
7042
7035
7028
7021
7014
7007
7000
6993
6986
6979
6972
6965
6958
6951
6944
6937
6930
6923
6916
6909
6902
6895
6888
6881
6874
6867
6860
6853
6846
6839
6832
6825
6818
6811
6804
6797
6790
6783
6776
6769
6762
6755
6748
6741
6734
6727
6720
6713
6706
6699
6692
6685
6678
6671
6664
6657
6650
6643
6636
6629
6622
6615
6608
6601
6594
6587
6580
6573
6566
6559
6552
6545
6538
6531
6524
6517
6510
6503
6496
6489
6482
6475
6468
6461
6454
6447
6440
6433
6426
6419
6412
6405
6398
6391
6384
6377
6370
6363
6356
6349
6342
6335
6328
6321
6314
6307
6300
6293
6286
6279
6272
6265
6258
6251
6244
6237
6230
6223
6216
6209
6202
6195
6188
6181
6174
6167
6160
6153
6146
6139
6132
6125
6118
6111
6104
6097
6090
6083
6076
6069
6062
6055
6048
6041
6034
6027
6020
6013
6006
5999
5992
5985
5978
5971
5964
5957
5950
5943
5936
5929
5922
5915
5908
5901
5894
5887
5880
5873
5866
5859
5852
5845
5838
5831
5824
5817
5810
5803
5796
5789
5782
5775
5768
5761
5754
5747
5740
5733
5726
5719
5712
5705
5698
5691
5684
5677
5670
5663
5656
5649
5642
5635
5628
5621
5614
5607
5600
5593
5586
5579
5572
5565
5558
5551
5544
5537
5530
5523
5516
5509
5502
5495
5488
5481
5474
5467
5460
5453
5446
5439
5432
5425
5418
5411
5404
5397
5390
5383
5376
5369
5362
5355
5348
5341
5334
5327
5320
5313
5306
5299
5292
5285
5278
5271
5264
5257
5250
5243
5236
5229
5222
5215
5208
5201
5194
5187
5180
5173
5166
5159
5152
5145
5138
5131
5124
5117
5110
5103
5096
5089
5082
5075
5068
5061
5054
5047
5040
5033
5026
5019
5012
5005
4998
4991
4984
4977
4970
4963
4956
4949
4942
4935
4928
4921
4914
4907
4900
4893
4886
4879
4872
4865
4858
4851
4844
4837
4830
4823
4816
4809
4802
4795
4788
4781
4774
4767
4760
4753
4746
4739
4732
4725
4718
4711
4704
4697
4690
4683
4676
4669
4662
4655
4648
4641
4634
4627
4620
4613
4606
4599
4592
4585
4578
4571
4564
4557
4550
4543
4536
4529
4522
4515
4508
4501
4494
4487
4480
4473
4466
4459
4452
4445
4438
4431
4424
4417
4410
4403
4396
4389
4382
4375
4368
4361
4354
4347
4340
4333
4326
4319
4312
4305
4298
4291
4284
4277
4270
4263
4256
4249
4242
4235
4228
4221
4214
4207
4200
4193
4186
4179
4172
4165
4158
4151
4144
4137
4130
4123
4116
4109
4102
